>groupList:
GCA GCC GCG GCT TGC TGT GAC GAT GAA GAG
TTC TTT GGA GGC GGG GGT CAC CAT ATA ATC
ATT AAA AAG CTA CTC CTG CTT TTA TTG ATG
AAC AAT CCA CCC CCG CCT CAA CAG AGA AGG
CGA CGC CGG CGT TCA TCC TCG TCT ACA ACC
ACG ACT GTA GTC GTG GTT TGG TAC TAT AGC
AGT 
>stdDevSynthesisRate:
1.36539 
>numParam:
61
>numMixtures:
1
>std_stdDevSynthesisRate:
0.0849347
>std_phi:
***
0.192432 0.148024 0.222392 0.192432 0.231288 0.109485 0.177914 0.0778656 0.250161 0.148024
0.312701 0.200129 0.171071 0.225118 0.222392 0.231288 0.192432 0.177914 0.213839 0.222392
0.153946 0.24054 0.231288 0.142331 0.105274 0.390877 0.177914 0.136857 0.160103 0.0728736
0.11842 0.18503 0.142331 0.312701 0.177914 0.24054 0.18503 0.192432 0.136857 0.177914
0.231288 0.128083 0.222392 0.177914 0.300675 0.142331 0.158165 0.136857 0.153946 0.231288
0.142331 0.231288 0.153946 0.27799 0.32521 0.109485 0.222392 0.260168 0.300675 0.213839
0.18503 0.177914 0.164492 0.171071 0.300675 0.136857 0.222392 0.231288 0.123156 0.153946
0.113865 0.171071 0.148024 0.270575 0.18503 0.422772 0.231288 0.192432 0.208134 0.192432
0.192432 0.24054 0.18503 0.21646 0.312701 0.123156 0.18503 0.0842195 0.231288 0.213839
0.18503 0.18503 0.222392 0.109485 0.160103 0.148024 0.300675 0.439683 0.142331 0.231288
0.18503 0.231288 0.231288 0.200129 0.136857 0.142331 0.18503 0.177914 0.0842195 0.222392
0.28911 0.18503 0.177914 0.222392 0.11842 0.312701 0.312701 0.231288 0.300675 0.136857
0.109485 0.177914 0.11842 0.231288 0.208134 0.160103 0.28911 0.222392 0.11842 0.171071
0.123156 0.109485 0.131593 0.109485 0.406512 0.131593 0.171071 0.213839 0.24054 0.231288
0.177914 0.312701 0.18503 0.171071 0.260168 0.312701 0.32521 0.18503 0.267299 0.300675
0.27799 0.270575 0.131593 0.222392 0.148024 0.231288 0.24054 0.300675 0.312701 0.488596
0.131593 0.148024 0.24054 0.153946 0.158165 0.136857 0.18503 0.18503 0.231288 0.0778656
0.158165 0.200129 0.222392 0.231288 0.131593 0.101226 0.192432 0.11842 0.11842 0.200129
0.153946 0.300675 0.18503 0.300675 0.32521 0.131593 0.312701 0.338218 0.250161 0.24054
0.231288 0.24054 0.153946 0.136857 0.18503 0.250161 0.136857 0.24054 0.300675 0.0728736
0.148024 0.250161 0.200129 0.164492 0.136857 0.250161 0.192432 0.24054 0.213839 0.270575
0.142331 0.231288 0.113865 0.0910918 0.406512 0.312701 0.375843 0.390877 0.27799 0.390877
0.312701 0.28911 0.213839 0.21646 0.11842 0.28911 0.109485 0.312701 0.177914 0.231288
0.192432 0.131593 0.24054 0.142331 0.250161 0.177914 0.105274 0.300675 0.250161 0.267299
0.250161 0.18503 0.177914 0.11842 0.213839 0.192432 0.375843 0.250161 0.105274 0.222392
0.177914 0.192432 0.28911 0.24054 0.136857 0.312701 0.18503 0.192432 0.222392 0.250161
0.18503 0.300675 0.109485 0.171071 0.300675 0.300675 0.213839 0.375843 0.300675 0.231288
0.231288 0.28911 0.250161 0.43436 0.406512 0.171071 0.136857 0.250161 0.300675 0.213839
0.192432 0.338218 0.24054 0.164492 0.177914 0.18503 0.208134 0.142331 0.300675 0.126532
0.469804 0.375843 0.0842195 0.231288 0.0809805 0.192432 0.0757888 0.171071 0.192432 0.142331
0.197706 0.200129 0.231288 0.222392 0.351747 0.222392 0.177914 0.28911 0.27799 0.200129
0.250161 0.148024 0.222392 0.171071 0.153946 0.300675 0.28911 0.177914 0.0947354 0.148024
0.250161 0.200129 0.375843 0.160103 0.101226 0.375843 0.200129 0.200129 0.250161 0.131593
0.166508 0.312701 0.250161 0.222392 0.375843 0.177914 0.300675 0.192432 0.192432 0.148024
0.208134 0.222392 0.260168 0.222392 0.222392 0.153946 0.213839 0.131593 0.148024 0.11842
0.142331 0.200129 0.18503 0.136857 0.231288 0.312701 0.148024 0.164492 0.148024 0.113865
0.24054 0.171071 0.205614 0.24054 0.222392 0.24054 0.222392 0.208134 0.171071 0.192432
0.158165 0.18503 0.192432 0.164492 0.28911 0.200129 0.148024 0.250161 0.192432 0.136857
0.338218 0.267299 0.300675 0.142331 0.192432 0.300675 0.222392 0.171071 0.126532 0.24054
0.192432 0.24054 0.231288 0.231288 0.24054 0.148024 0.109485 0.177914 0.171071 0.250161
0.28911 0.142331 0.312701 0.338218 0.300675 0.136857 0.222392 0.192432 0.160103 0.231288
0.406512 0.208134 0.250161 0.200129 0.231288 0.0842195 0.109485 0.113865 0.142331 0.148024
0.24054 0.250161 0.164492 0.113865 0.222392 0.28911 0.27799 0.153946 0.200129 0.24054
0.11842 0.109485 0.171071 0.231288 0.131593 0.32521 0.177914 0.24054 0.173167 0.105274
0.177914 0.208134 0.222392 0.153946 0.260168 0.164492 0.312701 0.200129 0.24054 0.177914
0.177914 0.142331 0.177914 0.208134 0.18503 0.312701 0.406512 0.153946 0.24054 0.18503
0.142331 0.28911 0.208134 0.177914 0.300675 0.192432 0.267299 0.24054 0.18503 0.136857
0.0973325 0.300675 0.260168 0.488596 0.148024 0.131593 0.351747 0.177914 0.24054 0.18503
0.312701 0.24054 0.18503 0.231288 0.422772 0.136857 0.28911 0.213839 0.11842 0.28911
0.312701 0.113865 0.192432 0.192432 0.18503 0.142331 0.105274 0.11842 0.136857 0.171071
0.231288 0.171071 0.213839 0.390877 0.231288 0.24054 0.177914 0.11842 0.18503 0.213839
0.257018 0.136857 0.28911 0.177914 0.213839 0.11842 0.18503 0.312701 0.148024 0.32521
0.177914 0.28911 0.28911 0.200129 0.231288 0.200129 0.222392 0.300675 0.131593 0.200129
0.231288 0.0947354 0.177914 0.200129 0.222392 0.18503 0.24054 0.24054 0.136857 0.148024
0.231288 0.231288 0.192432 0.24054 0.24054 0.205614 0.148024 0.153946 0.24054 0.131593
0.18503 0.200129 0.24054 0.142331 0.200129 0.148024 0.153946 0.222392 0.231288 0.208134
0.24054 0.142331 0.192432 0.205614 0.192432 0.177914 0.24054 0.270575 0.171071 0.148024
0.250161 0.142331 0.250161 0.250161 0.142331 0.18503 0.153946 0.177914 0.24054 0.24054
0.0842195 0.177914 0.488596 0.338218 0.148024 0.250161 0.192432 0.148024 0.24054 0.18503
0.171071 0.18503 0.18503 0.208134 0.375843 0.142331 0.142331 0.260168 0.113865 0.231288
0.18503 0.136857 0.32521 0.24054 0.338218 0.347488 0.171071 0.160103 0.171071 0.300675
0.439683 0.24054 0.123156 0.200129 0.101226 0.173167 0.177914 0.0842195 0.136857 0.24054
0.153946 0.24054 0.312701 0.205614 0.24054 0.24054 0.200129 0.231288 0.208134 0.192432
0.148024 0.177914 0.250161 0.32521 0.192432 0.177914 0.177914 0.177914 0.153946 0.192432
0.24054 0.171071 0.177914 0.300675 0.177914 0.250161 0.136857 0.123156 0.300675 0.250161
0.177914 0.390877 0.148024 0.451734 0.222392 0.250161 0.171071 0.177914 0.109485 0.200129
0.24054 0.177914 0.148024 0.231288 0.250161 0.142331 0.192432 0.208134 0.231288 0.231288
0.300675 0.192432 0.250161 0.171071 0.231288 0.406512 0.208134 0.153946 0.213839 0.171071
0.153946 0.131593 0.312701 0.250161 0.177914 0.222392 0.200129 0.24054 0.171071 0.123156
0.148024 0.375843 0.406512 0.153946 0.27799 0.109485 0.177914 0.231288 0.131593 0.105274
0.0875885 0.250161 0.192432 0.231288 0.21646 0.18503 0.18503 0.208134 0.177914 0.164492
0.177914 0.177914 0.222392 0.231288 0.32521 0.28911 0.208134 0.164492 0.142331 0.177914
0.231288 0.142331 0.192432 0.192432 0.205614 0.192432 0.406512 0.205614 0.32521 0.260168
0.24054 0.171071 0.113865 0.222392 0.153946 0.300675 0.177914 0.231288 0.222392 0.200129
0.312701 0.131593 0.18503 0.18503 0.312701 0.18503 0.231288 0.148024 0.361388 0.250161
0.171071 0.192432 0.27799 0.213839 0.300675 0.300675 0.208134 0.250161 0.113865 0.142331
0.200129 0.28911 0.18503 0.131593 0.231288 0.192432 0.312701 0.177914 0.321272 0.18503
0.208134 0.192432 0.375843 0.200129 0.231288 0.231288 0.231288 0.136857 0.24054 
>categories:
0 0 0 0 
1 1 1 -1 
>mixtureAssignment:
0 0 0 0 0 0 0 0 0 0 0 0 0 0 0 0 0 0 0 0 0 0 0 0 0 0 0 0 0 0 0 0 0 0 0 0 0 0 0 0 0 0 0 0 0 0 0 0 0 0
0 0 0 0 0 0 0 0 0 0 0 0 0 0 0 0 0 0 0 0 0 0 0 0 0 0 0 0 0 0 0 0 0 0 0 0 0 0 0 0 0 0 0 0 0 0 0 0 0 0
0 0 0 0 0 0 0 0 0 0 0 0 0 0 0 0 0 0 0 0 0 0 0 0 0 0 0 0 0 0 0 0 0 0 0 0 0 0 0 0 0 0 0 0 0 0 0 0 0 0
0 0 0 0 0 0 0 0 0 0 0 0 0 0 0 0 0 0 0 0 0 0 0 0 0 0 0 0 0 0 0 0 0 0 0 0 0 0 0 0 0 0 0 0 0 0 0 0 0 0
0 0 0 0 0 0 0 0 0 0 0 0 0 0 0 0 0 0 0 0 0 0 0 0 0 0 0 0 0 0 0 0 0 0 0 0 0 0 0 0 0 0 0 0 0 0 0 0 0 0
0 0 0 0 0 0 0 0 0 0 0 0 0 0 0 0 0 0 0 0 0 0 0 0 0 0 0 0 0 0 0 0 0 0 0 0 0 0 0 0 0 0 0 0 0 0 0 0 0 0
0 0 0 0 0 0 0 0 0 0 0 0 0 0 0 0 0 0 0 0 0 0 0 0 0 0 0 0 0 0 0 0 0 0 0 0 0 0 0 0 0 0 0 0 0 0 0 0 0 0
0 0 0 0 0 0 0 0 0 0 0 0 0 0 0 0 0 0 0 0 0 0 0 0 0 0 0 0 0 0 0 0 0 0 0 0 0 0 0 0 0 0 0 0 0 0 0 0 0 0
0 0 0 0 0 0 0 0 0 0 0 0 0 0 0 0 0 0 0 0 0 0 0 0 0 0 0 0 0 0 0 0 0 0 0 0 0 0 0 0 0 0 0 0 0 0 0 0 0 0
0 0 0 0 0 0 0 0 0 0 0 0 0 0 0 0 0 0 0 0 0 0 0 0 0 0 0 0 0 0 0 0 0 0 0 0 0 0 0 0 0 0 0 0 0 0 0 0 0 0
0 0 0 0 0 0 0 0 0 0 0 0 0 0 0 0 0 0 0 0 0 0 0 0 0 0 0 0 0 0 0 0 0 0 0 0 0 0 0 0 0 0 0 0 0 0 0 0 0 0
0 0 0 0 0 0 0 0 0 0 0 0 0 0 0 0 0 0 0 0 0 0 0 0 0 0 0 0 0 0 0 0 0 0 0 0 0 0 0 0 0 0 0 0 0 0 0 0 0 0
0 0 0 0 0 0 0 0 0 0 0 0 0 0 0 0 0 0 0 0 0 0 0 0 0 0 0 0 0 0 0 0 0 0 0 0 0 0 0 0 0 0 0 0 0 0 0 0 0 0
0 0 0 0 0 0 0 0 0 0 0 0 0 0 0 0 0 0 0 0 0 0 0 0 0 0 0 0 0 0 0 0 0 0 0 0 0 0 0 0 0 0 0 0 0 0 0 0 0 0
0 0 0 0 0 0 0 0 0 0 0 0 0 0 0 0 0 0 0 0 0 0 0 0 0 0 0 0 0 0 0 0 0 0 0 0 0 0 0 0 0 0 0 0 0 0 0 0 0 0
0 0 0 0 0 0 0 0 0 0 0 0 0 0 0 0 0 0 0 0 0 0 0 0 0 0 0 0 0 
>numMutationCategories:
2
>numSelectionCategories:
2
>numSynthesisRateCategories:
1
>categoryProbabilities:
1 
>selectionIsInMixture:
***
0 0 
***
1 1 
***

***

>phiIsInMixture:
***
0 
>mutationIsInMixture:
***
0 
***
1 
>obsPhiSets:
0
>currentSynthesisRateLevel:
***
0.302459 0.638809 0.118829 2.97086 0.289204 5.13028 0.141955 0.889623 0.17006 0.202912
0.0845424 0.37249 0.412524 0.125834 0.0970889 0.0928347 0.155461 0.195594 0.150068 0.143701
0.220887 0.135068 0.162066 0.997205 0.674962 0.0564791 0.223014 0.377885 0.336328 7.30999
5.69328 0.570989 0.587404 0.109281 1.13416 1.08719 0.111632 1.93963 0.454866 0.170134
2.4252 0.740239 1.39232 1.06271 0.148384 2.48964 1.1517 13.4662 3.18999 0.185822
0.623021 2.82453 0.483637 0.0841822 0.137333 1.72 0.0878471 0.177407 0.091314 0.119182
0.600727 0.326636 0.404552 0.340236 0.218974 0.22679 0.215751 0.191901 0.649889 0.565397
0.577523 0.288666 0.421723 0.0898587 1.2407 0.116406 0.183236 0.119236 1.55676 0.709054
0.0839049 0.120045 0.488677 1.60262 0.396998 10.8898 1.39552 0.693813 0.253897 0.142024
1.57932 1.63887 0.223835 1.33126 4.03833 0.235041 0.271245 0.0952186 0.767932 0.0754331
0.296716 0.0811575 0.179338 3.37193 0.755997 0.925213 0.687775 9.8035 0.790339 0.274646
0.489854 0.200806 1.3586 0.1434 0.621456 0.181218 0.757466 0.13146 0.270722 0.292593
0.695889 0.141145 0.242793 0.234788 1.22929 1.39252 0.108869 0.600884 0.581416 0.397827
0.327119 0.421629 1.45205 0.796071 0.0976117 0.780449 3.16628 0.26163 0.0818583 0.16571
0.515992 0.0699271 0.141614 0.286746 0.134768 0.166827 0.100125 0.139202 0.121278 0.111038
0.216674 0.13119 0.955122 0.228822 0.611144 0.254543 0.208625 0.188389 0.185137 0.0582125
0.193883 1.5647 0.917979 1.6553 0.445959 0.520098 0.658308 0.201149 0.305225 16.0423
0.491807 0.0869607 0.156474 0.286359 0.674492 0.451585 0.0984452 0.210517 0.202607 4.52583
0.0860873 0.10134 0.530491 0.262095 0.0874852 0.474403 0.175237 0.0888043 0.0833852 0.0660781
0.125885 0.401796 0.454505 0.15403 0.337047 0.119458 0.623095 0.0718434 0.116066 0.414484
0.315313 0.121805 0.824973 2.04052 2.14187 0.138759 0.178109 0.516475 0.124508 0.176529
2.09821 0.234643 0.360558 4.60659 0.0653677 0.0651627 0.0978333 0.101135 0.0998278 0.104062
0.242006 0.105609 0.242338 0.111276 1.23318 0.342676 2.93427 0.0757956 0.831073 0.347767
0.151198 0.882824 0.164759 1.72463 11.7936 0.203803 0.527143 0.144444 0.583617 0.0853905
0.073779 0.246697 1.00533 0.375688 0.295278 0.360208 0.227364 0.202861 0.698572 0.216542
0.153669 7.90888 0.0881958 0.909074 0.612065 0.176177 0.381768 0.236774 0.0901596 0.159571
0.176153 0.10321 0.184911 0.754797 0.0686496 0.382184 0.329021 0.0799455 0.0860157 0.705638
0.0811451 0.145441 0.0742741 0.0768544 0.101123 0.133121 1.08926 0.164208 0.116846 0.138742
0.091358 0.656736 3.11563 5.35089 0.444128 0.145816 0.350291 0.210582 0.318695 2.01878
0.0972881 0.0538357 0.45465 0.150285 1.29312 13.2638 1.56899 0.484453 0.212282 0.463576
0.550861 0.367805 0.402827 0.247777 0.185051 0.479968 0.248344 0.111574 0.080581 0.247294
1.07694 0.361029 0.121148 0.32488 0.489313 0.439558 0.106653 1.52829 0.624217 0.425636
0.0806825 0.160583 0.0655035 1.46647 0.981409 0.0906058 0.179544 0.121123 0.109011 0.64705
1.35629 0.0796248 0.117993 0.0695895 0.078901 0.884971 1.61732 0.133586 0.417118 0.169514
0.169736 0.178855 0.150551 0.171795 0.265603 0.441302 0.359571 0.579072 0.399214 0.704722
0.790312 0.282386 0.443468 0.432943 0.11397 0.265662 0.55128 1.07619 0.911094 0.798084
0.143914 0.117338 0.579294 0.125222 1.40791 0.397123 0.325391 0.286151 0.839125 0.383139
0.428662 0.131426 0.0766544 0.502081 0.0883355 0.471342 0.374756 0.55463 0.117444 0.346122
0.092215 0.0910808 0.362898 4.0442 0.466703 0.282106 0.636682 0.146814 1.24927 0.114903
0.285779 0.170489 0.177104 0.172672 0.143541 0.529471 2.13335 4.69354 0.239546 0.108883
0.140498 0.502724 0.0745115 0.111181 0.137969 0.17238 0.249226 0.250911 0.425433 0.597652
0.0860605 1.23852 0.67002 0.297443 0.135892 2.92241 4.00276 0.474415 0.542379 0.579001
5.91184 0.174975 0.154919 0.277604 0.138768 0.492475 1.00428 1.35055 0.645505 0.640938
1.95117 1.89434 0.165704 0.817771 0.200132 0.0879115 0.294494 0.375116 0.487199 0.615137
0.228589 0.224736 0.240357 0.24795 0.117156 0.47986 0.401095 0.170079 0.0739591 25.5246
0.996754 0.743142 2.61631 0.425147 0.543032 0.123413 0.0726458 3.14701 1.58831 1.29117
0.1632 0.137638 0.200285 0.405244 0.0765917 0.171354 0.231583 0.461649 0.18476 7.6099
2.12551 0.156761 0.178801 0.0698547 0.244741 1.04512 0.0877124 0.275419 0.164513 0.291886
0.0823937 0.134722 0.227983 0.345296 0.247271 0.366 0.375049 0.113342 0.224355 0.407862
0.180235 0.881501 1.22542 0.134301 0.391058 3.81389 3.526 1.76523 1.304 2.14529
0.167551 0.435125 0.193847 0.059356 0.161177 0.933848 0.765921 0.202995 0.106864 0.314388
0.571885 0.303511 0.127876 0.374065 0.122422 0.48506 0.14954 0.141776 0.416412 0.198431
0.156131 0.236218 0.0854745 0.13764 0.0877686 0.189212 0.226478 0.198025 1.82087 0.214864
0.830671 1.92298 1.17873 0.143944 0.312562 1.47593 16.7087 0.343622 0.707392 0.194104
0.139717 0.198629 0.299256 0.171799 0.310908 0.509577 1.83313 21.5998 0.496025 1.50957
0.385455 0.228253 0.10252 1.73524 0.106214 4.44815 0.464515 0.262673 0.310812 0.352786
19.3176 6.69977 19.5403 15.0387 17.8063 18.283 19.9729 18.5729 17.7739 18.2219
19.3026 17.919 11.8552 14.335 16.36 18.2326 16.0347 18.6855 17.4407 20.2832
9.5131 21.7799 0.0620846 0.0601141 6.84311 0.283875 1.50918 0.663298 0.195038 0.264051
0.187601 1.56092 0.249484 0.113081 0.106945 0.976061 0.380051 0.168456 0.459883 0.109464
1.39352 0.128224 0.174352 0.0850754 0.0792924 0.174588 0.411983 0.203521 0.28633 0.0868139
0.0775342 2.0518 0.431229 0.205169 0.331647 0.321767 0.255898 1.86881 1.64953 0.0835155
0.148858 0.103164 0.0679365 0.102605 0.528526 0.158627 0.146653 3.1513 1.1336 0.121563
1.53534 0.141964 0.163536 0.107763 0.139248 1.48625 0.372053 1.13835 0.420489 0.669546
0.0960997 0.0878744 0.236691 0.470775 0.301376 0.117021 0.305329 0.14816 0.163303 0.136929
0.257912 0.0983421 0.67327 0.115475 0.167593 4.96783 0.319333 0.0799194 0.369395 0.510733
4.70986 0.15165 0.167179 0.100805 0.0898948 0.140111 0.113151 0.286145 0.563057 0.230755
0.0962953 0.271471 0.112905 0.463286 0.206745 0.0968347 0.361429 0.3177 0.503598 0.118215
0.306829 2.65771 0.0798998 0.172526 0.23497 0.103138 4.48459 0.133063 0.486225 0.945163
1.6493 0.0783909 0.0975192 0.263975 0.547966 1.21154 0.923978 0.882303 0.137676 0.346548
0.461941 0.0903004 0.288515 0.109669 0.209653 0.233386 0.185699 0.0811239 0.150218 2.65206
19.9821 18.055 15.7759 39.9455 0.0936516 0.116063 0.290228 0.20504 0.318495 0.179407
0.128308 0.238583 0.44352 0.1998 0.106698 0.0816047 0.141279 3.19666 0.12578 0.842026
0.248701 0.144701 7.55021 0.098412 6.89151 0.0604859 0.165297 0.623548 3.16452 0.113155
0.11528 0.166976 0.374267 23.4371 0.1774 10.9257 1.31344 0.172426 0.0748337 0.257646
11.0582 0.886274 0.211163 0.148335 0.0971563 0.238874 1.14343 0.165239 0.97038 0.326864
0.111398 0.0807137 0.239805 0.241167 0.0964042 0.118033 0.176151 0.382201 0.0692748 0.200842
1.37652 0.128957 0.167263 0.143122 0.373905 0.209488 0.208184 1.14874 0.0898821 
>noiseOffset:
>observedSynthesisNoise:
>std_NoiseOffset:
>numElongationMixtures:
2
>numNSECategories:
2
>selectionIsInMixture:
***
0 0 
***
1 1 
***

***

>currentAlphaParameter:
***
1.48673 0.960538 1.48374 0.568773 2.39738 1.24438 1.88744 1.3528 1.77794 1.90208
1.83617 1.88392 1.01992 1.54067 0.118072 1.97487 0.565752 3.55271 1.70818 1.00511
0.974811 1.29663 0.867702 2.45981 1.71179 1.57135 1.63249 1.27212 1.05564 1.53085
1.12652 1.46456 1.00907 2.04832 1.76091 0.957992 1.14404 1.47669 1.55261 0.0253218
1.25462 1.49319 0.268735 1.01766 1.1721 0.923848 1.37696 1.77005 2.94837 0.940074
1.39114 0.886451 1.2407 1.00124 2.03742 0.911054 0.803072 0.806229 0.873154 0.87519
3.67679 
***
3.16363 1.36388 0.751655 1.05013 1.56313 1.94423 1.38173 1.41107 1.65311 1.71578
1.01893 0.989452 0.715775 1.56161 0.805382 1.49244 1.27924 1.46832 1.138 1.75146
1.5225 0.866947 1.24801 1.3348 10.475 1.25229 1.36067 1.72986 1.41524 1.3249
1.69236 1.55958 1.07409 3.79808 0.920859 2.19541 1.02896 3.73635 0.706345 0.0206114
0.228978 1.78095 0.45066 0.907137 1.68874 0.809017 2.95629 1.67262 1.78795 1.02209
4.13965 4.04883 1.20349 5.80943 1.07193 0.25742 0.897454 1.08209 0.740661 1.53211
0.481466 
>currentLambdaPrimeParameter:
***
0.871833 1.21017 1.37712 0.836576 2.61114 0.929112 1.86086 0.995304 1.46063 1.5461
2.30091 1.15116 1.03298 1.00287 0.30862 1.05518 1.25515 2.41067 0.536538 1.11346
0.934094 1.2184 1.19872 1.21026 0.86224 1.3053 0.977898 0.8755 1.15362 1.53085
1.3172 2.4169 1.58372 0.71365 1.13775 1.48989 0.971053 1.95122 0.669482 1.21136
1.25912 1.16471 0.244337 1.67746 3.76727 0.766109 0.719008 2.44776 3.57888 1.05029
1.42874 1.93772 1.27627 0.923122 0.99729 1.11627 0.945242 1.40321 0.764432 1.66432
2.41663 
***
1.83364 2.38452 0.644074 1.81419 0.376888 4.79188 0.988538 0.947376 1.71165 1.39689
2.74875 1.74798 1.14316 0.852173 0.388577 1.48264 2.08303 1.4501 3.8066 1.58498
1.11453 1.17764 0.768455 0.318925 2.82521 1.17349 1.60662 1.80099 1.20652 1.83969
1.94235 1.8095 2.3979 0.646027 0.473674 1.22188 0.974771 1.28753 1.65938 0.270999
0.421392 0.839671 0.93561 1.0047 0.521999 1.49834 1.58378 1.76113 1.62705 1.74233
0.853304 2.48212 1.45159 5.48882 0.800811 1.28166 0.812759 1.16545 1.42355 0.991173
0.724106 
>currentNSERateParameter:
***
1.04222e-06 6.9168e-05 6.84785e-05 0.0604066 0.0229383 7.85028e-07 1.31449e-09 2.44787e-10 0.0254782 2.90649e-06
0.00243522 9.73501e-06 0.0949949 8.33912e-07 0.0552675 0.00262934 0.860591 3.53511e-05 0.000662174 1.31998e-05
0.613208 0.0066376 0.0136769 0.000111787 0.388216 3.29038e-07 5.51723e-06 0.000424088 0.000146922 5.82217e-10
2.3885e-11 0.109189 2.52911e-09 0.000855183 0.591763 0.0102201 0.0109036 0.00745169 0.084234 0.704672
0.0521978 6.47782e-05 3.57813e-07 4.25148e-07 0.0458615 2.03646e-05 0.0546598 7.49951e-12 1.43964e-09 3.65127e-05
0.000304723 8.09488e-06 3.4552e-06 0.017741 0.00196901 2.92909e-16 1.53933e-08 7.23118e-06 0.000206213 0.00120679
0.00604891 
***
0.00493079 0.000258149 7.30397e-05 0.00543625 0.0135796 1.38569e-09 6.11026e-09 2.84256e-07 0.00148525 0.0238318
0.00784483 6.55428e-06 3.22911e-09 9.37095e-05 0.000170595 0.00726593 3.82199e-06 7.78925e-09 4.62236e-06 0.000772625
0.00335725 0.00032253 3.58727e-07 1.5862e-08 0.00803755 3.41462e-07 3.46572e-09 4.475e-06 8.08658e-07 9.21321e-07
9.83741e-09 0.000555632 0.0672328 1.42733e-08 0.0694283 2.65839e-05 0.00765442 5.35932e-05 0.000359795 0.0102849
0.0555101 0.0237468 6.33002e-05 0.000506773 0.0082319 0.000523108 1.31017e-05 0.00377322 2.12188e-10 4.58839e-08
1.74863e-05 0.050628 2.1795e-05 7.57693e-06 1.16884e-05 0.00289719 0.0787159 2.55871e-05 1.23905e-07 0.000435133
0.0350906 
>partitionFunction:
221514 
>total_y:
1869022
>std_partitionFunction:
0.0098956
>std_csp:
0.152882 0.09216 0.0589824 0.110592 0.1728 0.429981 0.101922 0.0884736 0.0589824 0.0589824
0.110592 0.127402 0.20736 0.0679477 0.264181 0.110592 0.13271 0.159252 0.515978 0.0815373
0.073728 0.0884736 0.13824 0.429982 0.183458 0.0566231 0.238879 0.1728 0.1152 0.1728
0.127402 0.165888 0.165888 0.429981 0.0707789 0.238879 0.165888 0.0707789 0.713288 2.12987
0.743008 0.101922 0.515978 0.0884736 0.495338 0.199066 0.238879 0.13824 0.20736 0.110592
0.13824 0.159252 0.13271 0.13271 0.0849347 0.0884736 0.191102 0.13271 0.09216 0.127402
0.220151 
>std_nse:
32.8149 39.3779 32.8149 32.8149 2.45361 68.045 27.3458 47.2535 47.2535 31.5023
47.2535 39.3779 27.3458 39.3779 39.3779 47.2535 18.2305 32.8149 8.79172 39.3779
26.252 47.2535 45.3634 18.9901 47.2535 32.8149 32.8149 27.3458 32.8149 39.3779
47.2535 22.7881 39.3779 21.8766 39.3779 47.2535 27.3458 22.7881 6.10536 26.252
6.35975 32.8149 39.3779 47.2535 18.9901 32.8149 18.9901 39.3779 39.3779 39.3779
47.2535 39.3779 32.8149 39.3779 39.3779 47.2535 32.8149 39.3779 18.9901 39.3779
18.9901 
>covarianceMatrix:
GCA
0.00174402	-0.000181574	0.000839566	-0.000236165	
-0.000181574	0.00153178	-0.000244818	0.000500329	
0.000839566	-0.000244818	0.00190082	-0.00030536	
-0.000236165	0.000500329	-0.00030536	0.00156086	
***
>covarianceMatrix:
GCC
0.00161707	-4.69981e-05	0.000644125	-0.000254024	
-4.69981e-05	0.00193656	0.000121804	0.00114706	
0.000644125	0.000121804	0.00155156	1.67256e-05	
-0.000254024	0.00114706	1.67256e-05	0.00239893	
***
>covarianceMatrix:
GCG
0.00059826	4.40334e-05	0.000433422	5.69536e-05	
4.40334e-05	0.000907602	-9.37432e-05	0.000636416	
0.000433422	-9.37432e-05	0.000845009	-2.62146e-05	
5.69536e-05	0.000636416	-2.62146e-05	0.00107413	
***
>covarianceMatrix:
GCT
0.00136895	0.000130228	0.000341062	-0.000104127	
0.000130228	0.0019507	0.00034602	0.000716489	
0.000341062	0.00034602	0.00157613	0.000108228	
-0.000104127	0.000716489	0.000108228	0.00208483	
***
>covarianceMatrix:
TGC
0.00432	0	0	0	
0	0.00432	0	0	
0	0	0.00432	0	
0	0	0	0.00432	
***
>covarianceMatrix:
TGT
0.0107495	0	0	0	
0	0.0107495	0	0	
0	0	0.0107495	0	
0	0	0	0.0107495	
***
>covarianceMatrix:
GAC
0.00108555	0.000253632	0.00081506	0.000341669	
0.000253632	0.00127482	0.000247962	0.000704994	
0.00081506	0.000247962	0.00141676	0.000406421	
0.000341669	0.000704994	0.000406421	0.00147814	
***
>covarianceMatrix:
GAT
0.000864458	-0.000161393	0.000316801	-0.00016826	
-0.000161393	0.000935044	-0.000135646	0.000295036	
0.000316801	-0.000135646	0.000858617	-0.000181224	
-0.00016826	0.000295036	-0.000181224	0.000876251	
***
>covarianceMatrix:
GAA
0.000806268	-0.00018328	0.000653596	-8.76538e-05	
-0.00018328	0.0010572	-0.00026443	0.000617263	
0.000653596	-0.00026443	0.000952295	-0.000144773	
-8.76538e-05	0.000617263	-0.000144773	0.000815401	
***
>covarianceMatrix:
GAG
0.000573102	-3.14676e-05	0.000291564	-5.09825e-05	
-3.14676e-05	0.00119235	-2.49473e-05	0.000889769	
0.000291564	-2.49473e-05	0.000591361	-9.98357e-05	
-5.09825e-05	0.000889769	-9.98357e-05	0.00116093	
***
>covarianceMatrix:
TTC
0.00177506	0.000251928	0.00065067	0.000363398	
0.000251928	0.0034547	0.000273332	0.00228373	
0.00065067	0.000273332	0.00170449	0.00034681	
0.000363398	0.00228373	0.00034681	0.00389921	
***
>covarianceMatrix:
TTT
0.0022681	-0.001002	0.00144044	-0.000828798	
-0.001002	0.00246557	-0.0012609	0.00158138	
0.00144044	-0.0012609	0.00239332	-0.00109029	
-0.000828798	0.00158138	-0.00109029	0.00271639	
***
>covarianceMatrix:
GGA
0.005184	0	0	0	
0	0.005184	0	0	
0	0	0.005184	0	
0	0	0	0.005184	
***
>covarianceMatrix:
GGC
0.000961627	-0.000421631	0.000829754	-0.000517813	
-0.000421631	0.000762485	-0.000490517	0.000462362	
0.000829754	-0.000490517	0.00107715	-0.000552316	
-0.000517813	0.000462362	-0.000552316	0.000822485	
***
>covarianceMatrix:
GGG
0.00612952	0.00090217	0.0046141	0.00187394	
0.00090217	0.00353406	0.000645679	0.00208039	
0.0046141	0.000645679	0.00684532	0.00168235	
0.00187394	0.00208039	0.00168235	0.00483809	
***
>covarianceMatrix:
GGT
0.00126626	-1.17988e-05	0.000234338	-0.00014574	
-1.17988e-05	0.00177227	-3.30312e-05	0.000491256	
0.000234338	-3.30312e-05	0.00133241	-2.63303e-05	
-0.00014574	0.000491256	-2.63303e-05	0.00159595	
***
>covarianceMatrix:
CAC
0.00288379	-0.00112147	0.00160014	-0.00169904	
-0.00112147	0.00257106	-0.00127487	0.00169678	
0.00160014	-0.00127487	0.00307972	-0.00189932	
-0.00169904	0.00169678	-0.00189932	0.0043812	
***
>covarianceMatrix:
CAT
0.00359916	-0.000925705	0.00259498	-0.000776353	
-0.000925705	0.00310867	-0.00116893	0.00140098	
0.00259498	-0.00116893	0.00486414	-0.00102241	
-0.000776353	0.00140098	-0.00102241	0.00318029	
***
>covarianceMatrix:
ATA
0.0128994	0	0	0	
0	0.0128994	0	0	
0	0	0.0128994	0	
0	0	0	0.0128994	
***
>covarianceMatrix:
ATC
0.000675567	-0.000177676	0.000272809	-0.000365818	
-0.000177676	0.000886226	-0.000195616	0.000624658	
0.000272809	-0.000195616	0.00053541	-0.000207103	
-0.000365818	0.000624658	-0.000207103	0.00109051	
***
>covarianceMatrix:
ATT
0.000811726	-0.000175732	0.000441349	-0.000285726	
-0.000175732	0.00186905	-0.000188934	0.00145302	
0.000441349	-0.000188934	0.00108197	-0.000312132	
-0.000285726	0.00145302	-0.000312132	0.00224104	
***
>covarianceMatrix:
AAA
0.000974207	-4.5298e-05	0.000453238	-0.000152795	
-4.5298e-05	0.00125166	8.41883e-05	0.000671324	
0.000453238	8.41883e-05	0.00103518	8.12412e-06	
-0.000152795	0.000671324	8.12412e-06	0.00138564	
***
>covarianceMatrix:
AAG
0.00236435	0.000429619	0.000208744	0.000472547	
0.000429619	0.00388615	9.61487e-05	0.00177011	
0.000208744	9.61487e-05	0.00237157	0.000142088	
0.000472547	0.00177011	0.000142088	0.00401334	
***
>covarianceMatrix:
CTA
0.0107495	0	0	0	
0	0.0107495	0	0	
0	0	0.0107495	0	
0	0	0	0.0107495	
***
>covarianceMatrix:
CTC
0.0016596	9.22656e-05	0.000434167	0.000213179	
9.22656e-05	0.00585461	0.000282652	0.00472302	
0.000434167	0.000282652	0.0019403	0.000313585	
0.000213179	0.00472302	0.000313585	0.0064722	
***
>covarianceMatrix:
CTG
0.000416586	9.6357e-06	0.000258104	7.54765e-05	
9.6357e-06	0.00124103	-0.000105192	0.000972222	
0.000258104	-0.000105192	0.000425879	-2.85179e-05	
7.54765e-05	0.000972222	-2.85179e-05	0.00124133	
***
>covarianceMatrix:
CTT
0.0043543	0.000259466	0.000780103	0.000369785	
0.000259466	0.00398275	0.000234223	-0.000204473	
0.000780103	0.000234223	0.00481998	0.00022467	
0.000369785	-0.000204473	0.00022467	0.00427902	
***
>covarianceMatrix:
TTA
0.00432	0	0	0	
0	0.00432	0	0	
0	0	0.00432	0	
0	0	0	0.00432	
***
>covarianceMatrix:
TTG
0.00320647	-0.00195499	0.0012036	-0.00226837	
-0.00195499	0.00456683	-0.0016169	0.00282223	
0.0012036	-0.0016169	0.00284525	-0.0019064	
-0.00226837	0.00282223	-0.0019064	0.00552688	
***
>covarianceMatrix:
ATG
0.00432	0	0	0	
0	0.00432	0	0	
0	0	0.00432	0	
0	0	0	0.00432	
***
>covarianceMatrix:
AAC
0.00127283	0.000562766	0.00064425	0.000468983	
0.000562766	0.00280024	0.00056853	0.00190697	
0.00064425	0.00056853	0.00164699	0.000467821	
0.000468983	0.00190697	0.000467821	0.00277679	
***
>covarianceMatrix:
AAT
0.00295224	-5.53332e-05	0.000348437	0.000188807	
-5.53332e-05	0.00305414	-4.66184e-05	0.000609595	
0.000348437	-4.66184e-05	0.00320462	0.000157478	
0.000188807	0.000609595	0.000157478	0.00389346	
***
>covarianceMatrix:
CCA
0.00317914	-3.49854e-06	0.000425972	-7.11172e-05	
-3.49854e-06	0.0057083	0.000205488	0.00403897	
0.000425972	0.000205488	0.00301474	0.000711125	
-7.11172e-05	0.00403897	0.000711125	0.0098498	
***
>covarianceMatrix:
CCC
0.0107495	0	0	0	
0	0.0107495	0	0	
0	0	0.0107495	0	
0	0	0	0.0107495	
***
>covarianceMatrix:
CCG
0.0005298	-6.06197e-05	0.000291947	-0.000264046	
-6.06197e-05	0.000579697	-7.78661e-05	0.00028242	
0.000291947	-7.78661e-05	0.000593361	-0.00027663	
-0.000264046	0.00028242	-0.00027663	0.00102908	
***
>covarianceMatrix:
CCT
0.00452932	-0.000527584	0.00116682	-0.000420107	
-0.000527584	0.00468539	-0.000887594	0.000744391	
0.00116682	-0.000887594	0.00526696	-0.00070579	
-0.000420107	0.000744391	-0.00070579	0.00428575	
***
>covarianceMatrix:
CAA
0.00435315	0.000705707	0.00120658	0.000712066	
0.000705707	0.00397763	0.000646868	0.00151341	
0.00120658	0.000646868	0.00346396	0.000605775	
0.000712066	0.00151341	0.000605775	0.0044672	
***
>covarianceMatrix:
CAG
0.00136306	-0.000238294	0.00112323	-0.00015309	
-0.000238294	0.00164665	-2.08068e-05	0.0012283	
0.00112323	-2.08068e-05	0.00161261	3.45329e-05	
-0.00015309	0.0012283	3.45329e-05	0.00150096	
***
>covarianceMatrix:
AGA
0.01864	-0.00469759	0.00240204	-0.00632563	
-0.00469759	0.0289855	-5.30868e-05	0.017256	
0.00240204	-5.30868e-05	0.0126948	-0.000208477	
-0.00632563	0.017256	-0.000208477	0.0284309	
***
>covarianceMatrix:
AGG
0.0668519	0.0130286	0.0252047	0.0160573	
0.0130286	0.0605388	0.00524149	0.0166123	
0.0252047	0.00524149	0.057142	0.0122872	
0.0160573	0.0166123	0.0122872	0.0527586	
***
>covarianceMatrix:
CGA
0.0185753	0	0	0	
0	0.0185753	0	0	
0	0	0.0185753	0	
0	0	0	0.0185753	
***
>covarianceMatrix:
CGC
0.00112428	0.00068248	0.000586332	0.00071757	
0.00068248	0.00212567	0.000747143	0.00183708	
0.000586332	0.000747143	0.000978098	0.000881682	
0.00071757	0.00183708	0.000881682	0.00264703	
***
>covarianceMatrix:
CGG
0.0128994	0	0	0	
0	0.0128994	0	0	
0	0	0.0128994	0	
0	0	0	0.0128994	
***
>covarianceMatrix:
CGT
0.000895662	-1.9814e-05	0.000285378	-7.14016e-05	
-1.9814e-05	0.000983369	-8.91404e-05	0.000384606	
0.000285378	-8.91404e-05	0.000903823	-8.58191e-05	
-7.14016e-05	0.000384606	-8.58191e-05	0.00121271	
***
>covarianceMatrix:
TCA
0.0086545	-0.000194917	0.00114131	-7.89159e-05	
-0.000194917	0.00910729	-0.000843021	0.000682096	
0.00114131	-0.000843021	0.00921979	-0.000172486	
-7.89159e-05	0.000682096	-0.000172486	0.00814483	
***
>covarianceMatrix:
TCC
0.00429929	0.000823422	0.000949078	0.00139199	
0.000823422	0.00465346	0.000706281	0.00174992	
0.000949078	0.000706281	0.0042572	0.000864802	
0.00139199	0.00174992	0.000864802	0.00611293	
***
>covarianceMatrix:
TCG
0.00409246	0.000545528	0.000409817	0.000263767	
0.000545528	0.00535463	0.000344368	0.00105876	
0.000409817	0.000344368	0.00421634	0.000257838	
0.000263767	0.00105876	0.000257838	0.00489732	
***
>covarianceMatrix:
TCT
0.00240161	-0.000167742	0.000366155	-0.000105649	
-0.000167742	0.00284101	-3.48422e-06	0.000277583	
0.000366155	-3.48422e-06	0.00276073	-6.3428e-05	
-0.000105649	0.000277583	-6.3428e-05	0.00228157	
***
>covarianceMatrix:
ACA
0.005184	0	0	0	
0	0.005184	0	0	
0	0	0.005184	0	
0	0	0	0.005184	
***
>covarianceMatrix:
ACC
0.0013682	-8.33894e-05	0.00037836	-0.000204864	
-8.33894e-05	0.00233317	-0.000195163	0.00123227	
0.00037836	-0.000195163	0.00158615	-0.000312548	
-0.000204864	0.00123227	-0.000312548	0.0023035	
***
>covarianceMatrix:
ACG
0.00249011	0.000476587	0.000408733	0.000457013	
0.000476587	0.00370838	0.000161953	0.00154588	
0.000408733	0.000161953	0.00336336	0.000490136	
0.000457013	0.00154588	0.000490136	0.00393	
***
>covarianceMatrix:
ACT
0.00183558	-0.000503911	0.000310756	-0.00075671	
-0.000503911	0.00558466	-0.000263575	0.00572746	
0.000310756	-0.000263575	0.00245419	-0.000405982	
-0.00075671	0.00572746	-0.000405982	0.0110418	
***
>covarianceMatrix:
GTA
0.00218158	-5.3522e-05	0.0011301	-0.000314119	
-5.3522e-05	0.00248754	-3.09364e-05	0.000956766	
0.0011301	-3.09364e-05	0.00285643	-0.000214621	
-0.000314119	0.000956766	-0.000214621	0.00262223	
***
>covarianceMatrix:
GTC
0.00237453	0.000305293	0.000872243	0.000188889	
0.000305293	0.00563416	0.000297798	0.00349358	
0.000872243	0.000297798	0.00215616	0.000456504	
0.000188889	0.00349358	0.000456504	0.0056521	
***
>covarianceMatrix:
GTG
0.00103409	-0.000104394	0.000828509	-4.42208e-05	
-0.000104394	0.0017967	-0.000236586	0.0012601	
0.000828509	-0.000236586	0.00137914	-0.000128119	
-4.42208e-05	0.0012601	-0.000128119	0.00165008	
***
>covarianceMatrix:
GTT
0.000785882	0.000222637	0.000341956	0.000163106	
0.000222637	0.00387851	0.000403937	0.00331954	
0.000341956	0.000403937	0.000966041	0.000265657	
0.000163106	0.00331954	0.000265657	0.00403866	
***
>covarianceMatrix:
TGG
0.0032326	-0.000581912	0.00152341	-0.00159822	
-0.000581912	0.0043433	-0.000630118	0.00302987	
0.00152341	-0.000630118	0.00381949	-0.00182228	
-0.00159822	0.00302987	-0.00182228	0.00779552	
***
>covarianceMatrix:
TAC
0.00274607	-1.89024e-05	0.00161218	-0.00024496	
-1.89024e-05	0.003058	-2.839e-05	0.00151208	
0.00161218	-2.839e-05	0.00365639	-0.00021329	
-0.00024496	0.00151208	-0.00021329	0.00284026	
***
>covarianceMatrix:
TAT
0.00134135	-2.77387e-05	0.000565079	0.000167839	
-2.77387e-05	0.00319393	0.000303174	0.002357	
0.000565079	0.000303174	0.0017743	0.000713108	
0.000167839	0.002357	0.000713108	0.00406513	
***
>covarianceMatrix:
AGC
0.0021669	-3.82786e-05	0.00157862	-0.000194992	
-3.82786e-05	0.00222432	-0.000380699	0.00125159	
0.00157862	-0.000380699	0.00270149	-0.000490901	
-0.000194992	0.00125159	-0.000490901	0.00250176	
***
>covarianceMatrix:
AGT
0.00403385	-0.000814043	0.00216969	-0.000377894	
-0.000814043	0.00403947	-0.000634431	0.00300758	
0.00216969	-0.000634431	0.00391997	0.000124197	
-0.000377894	0.00300758	0.000124197	0.00613468	
***
>nse_covarianceMatrix:
GCA
0.986047	0	
0	0.986047	
***
>nse_covarianceMatrix:
GCC
1.18294	0	
0	1.18294	
***
>nse_covarianceMatrix:
GCG
0.986047	0	
0	0.986047	
***
>nse_covarianceMatrix:
GCT
0.986047	0	
0	0.986047	
***
>nse_covarianceMatrix:
TGC
0.0473574	0	
0	0.0473574	
***
>nse_covarianceMatrix:
TGT
2.04295	0	
0	2.04295	
***
>nse_covarianceMatrix:
GAC
0.821974	0	
0	0.821974	
***
>nse_covarianceMatrix:
GAT
1.41921	0	
0	1.41921	
***
>nse_covarianceMatrix:
GAA
1.41921	0	
0	1.41921	
***
>nse_covarianceMatrix:
GAG
0.570553	0	
0	0.570553	
***
>nse_covarianceMatrix:
TTC
1.41921	0	
0	1.41921	
***
>nse_covarianceMatrix:
TTT
1.18294	0	
0	1.18294	
***
>nse_covarianceMatrix:
GGA
0.821974	0	
0	0.821974	
***
>nse_covarianceMatrix:
GGC
1.18294	0	
0	1.18294	
***
>nse_covarianceMatrix:
GGG
1.18294	0	
0	1.18294	
***
>nse_covarianceMatrix:
GGT
1.41921	0	
0	1.41921	
***
>nse_covarianceMatrix:
CAC
0.330671	0	
0	0.330671	
***
>nse_covarianceMatrix:
CAT
0.986047	0	
0	0.986047	
***
>nse_covarianceMatrix:
ATA
0.161178	0	
0	0.161178	
***
>nse_covarianceMatrix:
ATC
1.18294	0	
0	1.18294	
***
>nse_covarianceMatrix:
ATT
0.475241	0	
0	0.475241	
***
>nse_covarianceMatrix:
AAA
1.41921	0	
0	1.41921	
***
>nse_covarianceMatrix:
AAG
0.819468	0	
0	0.819468	
***
>nse_covarianceMatrix:
CTA
0.571303	0	
0	0.571303	
***
>nse_covarianceMatrix:
CTC
1.41921	0	
0	1.41921	
***
>nse_covarianceMatrix:
CTG
0.986047	0	
0	0.986047	
***
>nse_covarianceMatrix:
CTT
0.986047	0	
0	0.986047	
***
>nse_covarianceMatrix:
TTA
0.821974	0	
0	0.821974	
***
>nse_covarianceMatrix:
TTG
0.986047	0	
0	0.986047	
***
>nse_covarianceMatrix:
ATG
1.18294	0	
0	1.18294	
***
>nse_covarianceMatrix:
AAC
1.41921	0	
0	1.41921	
***
>nse_covarianceMatrix:
AAT
0.685243	0	
0	0.685243	
***
>nse_covarianceMatrix:
CCA
1.18294	0	
0	1.18294	
***
>nse_covarianceMatrix:
CCC
0.396972	0	
0	0.396972	
***
>nse_covarianceMatrix:
CCG
1.18294	0	
0	1.18294	
***
>nse_covarianceMatrix:
CCT
1.41921	0	
0	1.41921	
***
>nse_covarianceMatrix:
CAA
0.821974	0	
0	0.821974	
***
>nse_covarianceMatrix:
CAG
0.685243	0	
0	0.685243	
***
>nse_covarianceMatrix:
AGA
0.112418	0	
0	0.112418	
***
>nse_covarianceMatrix:
AGG
0.475241	0	
0	0.475241	
***
>nse_covarianceMatrix:
CGA
0.192393	0	
0	0.192393	
***
>nse_covarianceMatrix:
CGC
0.986047	0	
0	0.986047	
***
>nse_covarianceMatrix:
CGG
1.18294	0	
0	1.18294	
***
>nse_covarianceMatrix:
CGT
1.41921	0	
0	1.41921	
***
>nse_covarianceMatrix:
TCA
0.571303	0	
0	0.571303	
***
>nse_covarianceMatrix:
TCC
0.986047	0	
0	0.986047	
***
>nse_covarianceMatrix:
TCG
0.571303	0	
0	0.571303	
***
>nse_covarianceMatrix:
TCT
1.18294	0	
0	1.18294	
***
>nse_covarianceMatrix:
ACA
1.18294	0	
0	1.18294	
***
>nse_covarianceMatrix:
ACC
1.18294	0	
0	1.18294	
***
>nse_covarianceMatrix:
ACG
1.41921	0	
0	1.41921	
***
>nse_covarianceMatrix:
ACT
1.18294	0	
0	1.18294	
***
>nse_covarianceMatrix:
GTA
0.986047	0	
0	0.986047	
***
>nse_covarianceMatrix:
GTC
1.18294	0	
0	1.18294	
***
>nse_covarianceMatrix:
GTG
1.18294	0	
0	1.18294	
***
>nse_covarianceMatrix:
GTT
1.41921	0	
0	1.41921	
***
>nse_covarianceMatrix:
TGG
0.986047	0	
0	0.986047	
***
>nse_covarianceMatrix:
TAC
1.18294	0	
0	1.18294	
***
>nse_covarianceMatrix:
TAT
0.571303	0	
0	0.571303	
***
>nse_covarianceMatrix:
AGC
1.18294	0	
0	1.18294	
***
>nse_covarianceMatrix:
AGT
0.571303	0	
0	0.571303	
***
