>groupList:
A C D E F G H I K L
N P Q R S T V Y Z 
>stdDevSynthesisRate:
1.00892 1 
>numParam:
40
>numMixtures:
2
>std_stdDevSynthesisRate:
0.1
>std_phi:
***
0.12 0.144 0.1728 0.1728 0.1 0.12 0.1728 0.1728 0.1728 0.144
0.1728 0.1728 0.1728 0.1728 0.1728 0.1152 0.1728 0.096 0.1728 0.144
0.12 0.1728 0.1728 0.1728 0.1 0.12 0.1728 0.1728 0.1152 0.144
0.1728 0.1728 0.1728 0.144 0.1728 0.144 0.12 0.1728 0.1728 0.144
0.1728 0.1728 0.12 0.144 0.144 0.1152 0.1728 0.1728 0.1728 0.12
0.144 0.12 0.144 0.096 0.12 0.144 0.12 0.096 0.1152 0.12
0.1 0.144 0.1728 0.144 0.1152 0.144 0.1728 0.1728 0.1728 0.1728
0.1152 0.1728 0.1728 0.1728 0.1728 0.1728 0.144 0.1728 0.144 0.1728
0.144 0.1728 0.1728 0.144 0.1728 0.144 0.096 0.1728 0.1152 0.1728
0.1728 0.1728 0.1728 0.1728 0.1728 0.12 0.12 0.1728 0.1728 0.144
0.1728 0.12 0.1728 0.12 0.1728 0.1728 0.1728 0.144 0.1728 0.144
0.144 0.144 0.12 0.144 0.1728 0.12 0.144 0.144 0.144 0.144
0.1728 0.1728 0.144 0.1728 0.1728 0.1728 0.1728 0.144 0.1728 0.144
0.12 0.144 0.1728 0.12 0.1728 0.1728 0.1728 0.1728 0.1728 0.1728
0.1728 0.1728 0.1728 0.144 0.1728 0.1728 0.144 0.12 0.096 0.1728
0.144 0.096 0.1728 0.1728 0.1728 0.1728 0.1728 0.12 0.1152 0.12
0.096 0.1728 0.144 0.1 0.1728 0.1728 0.1728 0.144 0.1728 0.096
0.144 0.1728 0.12 0.1728 0.1728 0.096 0.144 0.096 0.1728 0.144
0.144 0.1728 0.1728 0.1728 0.1728 0.1728 0.12 0.144 0.1728 0.1728
0.1728 0.144 0.1728 0.1728 0.1728 0.1728 0.1728 0.144 0.1728 0.144
0.1728 0.1728 0.144 0.12 0.1728 0.096 0.144 0.144 0.1728 0.1152
0.12 0.144 0.1728 0.144 0.1728 0.096 0.096 0.1728 0.1728 0.1728
0.1728 0.1728 0.1728 0.1152 0.12 0.144 0.144 0.1728 0.1728 0.1728
0.12 0.12 0.1728 0.1728 0.144 0.1728 0.1728 0.1728 0.144 0.1728
0.144 0.1152 0.1728 0.1728 0.1728 0.1728 0.1728 0.1728 0.144 0.1152
0.1728 0.1 0.096 0.1728 0.1728 0.1152 0.1728 0.12 0.1728 0.1728
0.12 0.1728 0.1728 0.1728 0.12 0.144 0.12 0.144 0.1728 0.1152
0.1728 0.1728 0.1728 0.1 0.1728 0.1 0.144 0.144 0.1728 0.1728
0.144 0.1728 0.1728 0.1728 0.096 0.1728 0.1728 0.1152 0.144 0.1152
0.12 0.1728 0.1728 0.1728 0.1728 0.12 0.144 0.096 0.1728 0.1
0.144 0.1728 0.096 0.1728 0.12 0.1728 0.1728 0.12 0.1728 0.1728
0.1728 0.096 0.1728 0.1728 0.1728 0.1728 0.12 0.1728 0.1728 0.1728
0.1728 0.144 0.1728 0.144 0.144 0.1728 0.144 0.1728 0.144 0.12
0.144 0.1728 0.1728 0.144 0.1728 0.1728 0.144 0.1728 0.1728 0.1728
0.1728 0.1728 0.144 0.1728 0.1728 0.1728 0.1152 0.1728 0.12 0.1728
0.1728 0.096 0.1728 0.1728 0.1728 0.144 0.1728 0.1728 0.1728 0.144
0.12 0.144 0.1728 0.1728 0.1728 0.1728 0.1728 0.12 0.144 0.144
0.1728 0.1152 0.12 0.1728 0.096 0.1728 0.12 0.096 0.1728 0.12
0.1728 0.1728 0.1728 0.096 0.1728 0.144 0.144 0.144 0.1728 0.1728
0.1728 0.1728 0.1728 0.1728 0.1728 0.144 0.1728 0.1728 0.1728 0.096
0.1152 0.144 0.12 0.144 0.1728 0.144 0.144 0.12 0.144 0.144
0.144 0.144 0.12 0.1728 0.096 0.1728 0.1728 0.144 0.144 0.12
0.144 0.1728 0.1728 0.1728 0.1728 0.1152 0.1728 0.12 0.096 0.144
0.1152 0.144 0.1152 0.1728 0.144 0.1728 0.144 0.1728 0.144 0.1728
0.1728 0.1728 0.144 0.144 0.12 0.1728 0.144 0.1728 0.1728 0.1728
0.12 0.1728 0.1728 0.144 0.1728 0.144 0.1728 0.144 0.144 0.1728
0.1728 0.144 0.1152 0.1728 0.1152 0.1728 0.1728 0.12 0.1728 0.1152
0.1728 0.1728 0.1728 0.12 0.144 0.1728 0.1728 0.144 0.1728 0.12
0.1728 0.1728 0.1728 0.1728 0.1728 0.1728 0.1728 0.144 0.1728 0.096
0.144 0.1728 0.12 0.144 0.1728 0.096 0.1728 0.1728 0.1728 0.1728
0.1728 0.12 0.1728 0.1728 0.1728 0.096 0.1152 0.144 0.144 0.1728
0.1728 0.1728 0.1728 0.1728 0.1728 0.1728 0.1728 0.144 0.1728 0.1728
0.1728 0.144 0.1728 0.1728 0.1728 0.1728 0.1728 0.1728 0.1728 0.1728
0.1728 0.1728 0.1728 0.1728 0.1728 0.1728 0.1728 0.1728 0.1728 0.144
0.144 0.1728 0.144 0.144 0.144 0.1728 0.1728 0.1728 0.1728 0.1728
0.144 0.1728 0.12 0.1728 0.1728 0.1728 0.12 0.1728 0.1728 0.1728
0.1728 0.1728 0.1728 0.1728 0.1728 0.1728 0.1728 0.1728 0.096 0.1728
0.1728 0.1728 0.1728 0.1728 0.1728 0.1728 0.1728 0.1728 0.1728 0.1728
0.1728 0.1728 0.144 0.1728 0.1728 0.144 0.1728 0.1728 0.1152 0.1728
0.1728 0.12 0.1728 0.1152 0.1728 0.1728 0.1728 0.1728 0.12 0.12
0.144 0.1728 0.1728 0.1728 0.1728 0.1728 0.12 0.12 0.1728 0.12
0.1728 0.144 0.12 0.12 0.1728 0.1728 0.1728 0.096 0.1152 0.1728
0.1728 0.096 0.1728 0.1728 0.1728 0.144 0.1728 0.144 0.1728 0.12
0.1728 0.1728 0.1728 0.1728 0.1728 0.1728 0.1728 0.1728 0.1728 0.1728
0.1152 0.144 0.1728 0.1728 0.1728 0.144 0.12 0.1728 0.1728 0.144
0.1728 0.12 0.144 0.1728 0.1728 0.1728 0.1728 0.096 0.1728 0.144
0.1728 0.1728 0.1728 0.1728 0.1152 0.1728 0.096 0.1728 0.12 0.1728
0.1728 0.1728 0.1728 0.1728 0.1728 0.144 0.1728 0.1152 0.1728 0.1728
0.1728 0.1728 0.1728 0.1728 0.1728 0.1728 0.1152 0.1728 0.1728 0.144
0.1152 0.1728 0.1728 0.1728 0.1728 0.12 0.1728 0.12 0.1728 0.1728
0.1728 0.1152 0.1728 0.1728 0.1728 0.096 0.1728 0.1728 0.12 0.1152
0.1728 0.1728 0.1728 0.1728 0.1728 0.144 0.1728 0.1728 0.1728 0.1728
0.1728 0.12 0.144 0.1728 0.12 0.1728 0.0768 0.1728 0.1728 0.1728
0.1728 0.1728 0.096 0.1728 0.144 0.1728 0.1728 0.1728 0.1728 0.1728
0.1728 0.1728 0.144 0.1728 0.1728 0.1728 0.1728 0.144 0.1728 0.12
0.1728 0.1728 0.1728 0.1728 0.1728 0.1728 0.12 0.1728 0.144 0.1728
0.1728 0.1728 0.1728 0.144 0.1728 0.1728 0.12 0.144 0.1728 0.1728
0.1728 0.1728 0.144 0.144 0.1728 0.1728 0.1728 0.1728 0.1728 0.144
0.1728 0.1728 0.1728 0.1728 0.1728 0.1728 0.144 0.144 0.12 0.144
0.1728 0.12 0.1728 0.144 0.1728 0.1728 0.1728 0.1728 0.1728 0.1728
0.1728 0.1728 0.144 0.144 0.1728 0.1728 0.1728 0.1728 0.1152 0.1728
0.1728 0.1728 0.1728 0.1728 0.1728 0.1728 0.1728 0.1152 0.1728 0.1728
0.144 0.144 0.1728 0.1728 0.12 0.096 0.1728 0.1728 0.1728 0.1728
0.1728 0.1728 0.1728 0.1728 0.1728 0.1728 0.144 0.1728 0.1728 0.1728
0.1728 0.1728 0.1728 0.1728 0.1728 0.144 0.1728 0.144 0.1728 0.1728
0.1728 0.1152 0.1728 0.1728 0.1728 0.1728 0.1728 0.1728 0.1728 0.1728
0.1152 0.1728 0.1728 0.1728 0.1728 0.1728 0.1728 0.1728 0.1728 0.1728
0.1728 0.1728 0.096 0.1728 0.1728 0.1728 0.1728 0.1728 0.1728 0.1728
0.144 0.1728 0.1728 0.1728 0.1728 0.1728 0.1728 0.12 0.1728 0.144
0.1728 0.12 0.1728 0.1728 0.1728 0.1728 0.1728 0.1152 0.12 0.1728
0.1728 0.1728 0.1728 0.1728 0.144 0.1728 0.12 0.1728 0.1728 0.1728
0.096 0.144 0.1728 0.144 0.1728 0.1728 0.1728 0.1728 0.1728 0.1728
0.1728 0.1728 0.1728 0.1728 0.144 0.144 0.144 0.1728 0.144 0.12
0.1728 0.1728 0.1728 0.1728 0.1728 0.1728 0.1728 0.1728 0.1728 0.096
0.1728 0.1728 0.144 0.144 0.12 0.144 0.1728 0.12 0.1728 0.1728
0.1728 0.1 0.096 0.1728 0.1728 0.1728 0.1728 0.1728 0.1728 0.1728
0.144 0.12 0.1728 0.12 0.1 0.144 0.1728 0.12 0.1728 0.144
0.144 0.1728 0.144 0.1728 0.144 0.1728 0.1728 0.1728 0.1728 0.1728
0.096 0.1728 0.1728 0.1728 0.1728 0.1728 0.1728 0.1728 0.1152 0.1728
0.1728 0.144 0.144 0.144 0.1152 0.1728 0.1728 0.1728 0.1728 0.1728
>categories:
0 0
1 0
>mixtureAssignment:
0 0 0 0 0 0 0 0 0 0 0 0 0 0 0 0 0 0 0 0 0 0 0 0 0 0 0 0 0 0 0 0 0 0 0 0 0 0 0 0 0 0 0 0 0 0 0 0 0 0
0 0 0 0 0 0 0 0 0 0 0 0 0 0 0 0 0 0 0 0 0 0 0 0 0 0 0 0 0 0 0 0 0 0 0 0 0 0 0 0 0 0 0 0 0 0 0 0 0 0
0 0 0 0 0 0 0 0 0 0 0 0 0 0 0 0 0 0 0 0 0 0 0 0 0 0 0 0 0 0 0 0 0 0 0 0 0 0 0 0 0 0 0 0 0 0 0 0 0 0
0 0 0 0 0 0 0 0 0 0 0 0 0 0 0 0 0 0 0 0 0 0 0 0 0 0 0 0 0 0 0 0 0 0 0 0 0 0 0 0 0 0 0 0 0 0 0 0 0 0
0 0 0 0 0 0 0 0 0 0 0 0 0 0 0 0 0 0 0 0 0 0 0 0 0 0 0 0 0 0 0 0 0 0 0 0 0 0 0 0 0 0 0 0 0 0 0 0 0 0
0 0 0 0 0 0 0 0 0 0 0 0 0 0 0 0 0 0 0 0 0 0 0 0 0 0 0 0 0 0 0 0 0 0 0 0 0 0 0 0 0 0 0 0 0 0 0 0 0 0
0 0 0 0 0 0 0 0 0 0 0 0 0 0 0 0 0 0 0 0 0 0 0 0 0 0 0 0 0 0 0 0 0 0 0 0 0 0 0 0 0 0 0 0 0 0 0 0 0 0
0 0 0 0 0 0 0 0 0 0 0 0 0 0 0 0 0 0 0 0 0 0 0 0 0 0 0 0 0 0 0 0 0 0 0 0 0 0 0 0 0 0 0 0 0 0 0 0 0 0
0 0 0 0 0 0 0 0 0 0 0 0 0 0 0 0 0 0 0 0 0 0 0 0 0 0 0 0 0 0 0 0 0 0 0 0 0 0 0 0 0 0 0 0 0 0 0 0 0 0
0 0 0 0 0 0 0 0 0 0 0 0 0 0 0 0 0 0 0 0 0 0 0 0 0 0 0 0 0 0 0 0 0 0 0 0 0 0 0 0 0 0 0 0 0 0 0 0 0 0
1 1 1 1 1 1 1 1 1 1 1 1 1 1 1 1 1 1 1 1 1 1 1 1 1 1 1 1 1 1 1 1 1 1 1 1 1 1 1 1 1 1 1 1 1 1 1 1 1 1
1 1 1 1 1 1 1 1 1 1 1 1 1 1 1 1 1 1 1 1 1 1 1 1 1 1 1 1 1 1 1 1 1 1 1 1 1 1 1 1 1 1 1 1 1 1 1 1 1 1
1 1 1 1 1 1 1 1 1 1 1 1 1 1 1 1 1 1 1 1 1 1 1 1 1 1 1 1 1 1 1 1 1 1 1 1 1 1 1 1 1 1 1 1 1 1 1 1 1 1
1 1 1 1 1 1 1 1 1 1 1 1 1 1 1 1 1 1 1 1 1 1 1 1 1 1 1 1 1 1 1 1 1 1 1 1 1 1 1 1 1 1 1 1 1 1 1 1 1 1
1 1 1 1 1 1 1 1 1 1 1 1 1 1 1 1 1 1 1 1 1 1 1 1 1 1 1 1 1 1 1 1 1 1 1 1 1 1 1 1 1 1 1 1 1 1 1 1 1 1
1 1 1 1 1 1 1 1 1 1 1 1 1 1 1 1 1 1 1 1 1 1 1 1 1 1 1 1 1 1 1 1 1 1 1 1 1 1 1 1 1 1 1 1 1 1 1 1 1 1
1 1 1 1 1 1 1 1 1 1 1 1 1 1 1 1 1 1 1 1 1 1 1 1 1 1 1 1 1 1 1 1 1 1 1 1 1 1 1 1 1 1 1 1 1 1 1 1 1 1
1 1 1 1 1 1 1 1 1 1 1 1 1 1 1 1 1 1 1 1 1 1 1 1 1 1 1 1 1 1 1 1 1 1 1 1 1 1 1 1 1 1 1 1 1 1 1 1 1 1
1 1 1 1 1 1 1 1 1 1 1 1 1 1 1 1 1 1 1 1 1 1 1 1 1 1 1 1 1 1 1 1 1 1 1 1 1 1 1 1 1 1 1 1 1 1 1 1 1 1
1 1 1 1 1 1 1 1 1 1 1 1 1 1 1 1 1 1 1 1 1 1 1 1 1 1 1 1 1 1 1 1 1 1 1 1 1 1 1 1 1 1 1 1 1 1 1 1 1 1
>numMutationCategories:
2
>numSelectionCategories:
1
>categoryProbabilities:
0.486939 0.513061 
>selectionIsInMixture:
***
0 1 
>mutationIsInMixture:
***
0 
***
1 
>currentSynthesisRateLevel:
***
2.86429 2.91783 1.08657 1.58432 4.09634 2.77438 2.05645 1.56906 1.6512 3.69355
3.19085 2.41747 3.64843 3.58869 1.94072 3.20686 2.66742 4.07477 1.93928 5.48484
5.36128 14.7385 4.90531 3.54666 4.06144 6.00659 2.45846 2.31734 2.74113 1.59022
2.56502 1.99218 3.36028 2.02464 4.58511 2.69374 3.30305 2.12817 1.8879 2.59993
2.18254 1.76225 2.59253 6.10267 1.83207 3.19103 1.77686 4.62202 2.64394 8.15619
2.61971 3.01743 2.71896 4.4827 3.25842 3.10374 4.3378 3.57228 3.37867 2.90041
4.82873 2.10925 1.96762 5.61735 3.22537 3.48825 2.7406 1.94838 2.14784 1.99331
2.57801 4.89254 3.64013 8.10993 1.8602 1.6998 1.90209 2.43383 2.28239 1.64597
2.37436 2.23917 6.07785 2.70889 7.78585 3.31818 3.33252 6.13244 3.92834 3.44654
1.18584 1.5253 2.13854 2.1573 1.83072 5.05944 7.49191 2.22026 2.32787 3.19978
2.18497 4.08684 1.60313 2.69811 7.48392 2.69317 15.8383 2.56283 1.82809 2.28286
3.1233 5.02688 3.50949 3.51605 1.9806 5.60355 3.82414 2.07433 2.15964 6.63348
1.40228 2.85777 1.78975 1.57173 1.92786 1.69536 2.03122 3.61117 2.91853 2.47514
3.1095 1.94545 2.29043 5.44552 3.80115 2.28496 2.00131 2.08551 1.69833 2.18038
2.1004 2.32661 2.08458 3.93815 3.24542 1.67372 3.63081 3.24465 3.29852 3.23648
3.43758 4.73591 1.48369 1.75446 1.86841 3.0086 15.55 3.21538 6.50795 7.58335
4.59177 2.11338 5.73193 4.97276 3.51487 1.55715 3.0955 2.14539 1.9391 3.64287
3.30597 8.82314 7.86517 2.21464 5.07133 5.11713 2.17275 4.23432 1.93613 2.16824
2.28675 1.81458 2.14397 3.11799 3.04224 3.77822 5.25246 2.59061 1.87416 1.74149
1.73772 2.05389 1.84055 1.49649 1.62416 1.7 3.05328 2.87491 3.06774 1.92834
3.49316 2.17728 2.03803 3.68954 2.00888 3.87669 2.45374 2.14677 1.61438 3.82476
3.32303 6.48805 1.34731 2.32369 1.93228 3.1914 4.96982 1.88848 2.94472 2.71848
4.1864 3.09009 2.39461 3.95378 7.15973 1.87661 2.71765 1.83322 2.53762 1.92524
4.23195 4.90881 2.07671 2.14215 2.05777 1.91583 38.8929 1.61808 2.49186 1.77453
4.01113 2.53277 1.70869 2.04406 2.17832 2.90253 1.39877 2.84606 2.26813 2.45355
1.71152 4.52416 4.2843 3.08992 2.13252 3.40825 8.34905 4.00822 1.69758 3.01498
3.32343 1.69052 1.97126 1.73521 4.28736 2.4463 3.1456 3.06631 1.76966 2.14989
1.75603 2.92359 1.61446 4.44373 1.94475 4.74886 3.31793 7.48401 1.83451 3.85655
1.82768 1.7457 1.437 1.79596 3.35245 5.03126 1.71767 4.99115 2.65485 2.68106
2.8972 1.57694 1.8194 1.85093 1.66471 5.08863 4.77299 4.40718 4.47003 3.90318
10.2621 1.97673 3.58754 4.95724 3.20533 3.15643 1.67358 4.24086 4.48693 8.00335
2.47348 5.10666 10.2884 4.19777 1.74098 2.52737 5.04343 1.65141 2.97759 3.40901
2.25826 2.98863 4.03948 5.07033 8.49788 3.21122 2.17306 5.57708 2.77368 4.13248
1.86336 2.06958 3.92577 4.80736 4.16028 2.26897 5.61354 6.59291 1.29409 2.5005
3.94325 1.63338 2.08783 6.44159 2.02743 10.8294 11.5554 2.07807 4.3026 3.15598
7.22069 4.88341 2.85278 3.15388 1.63504 1.86512 3.13176 2.49338 4.92859 2.30789
3.01322 6.09075 1.6277 1.95337 1.82059 3.26923 4.38255 3.21806 2.11212 2.38155
1.55635 3.40642 2.58091 1.70732 3.52969 1.72019 3.33517 4.0941 2.15051 2.92898
2.09364 2.45687 8.25319 3.0287 1.52451 3.00884 2.86516 3.45878 1.7591 1.65697
3.91224 2.54039 2.9754 2.47061 3.41375 2.63677 1.79332 1.64029 2.28254 5.08996
4.56432 2.90311 2.44967 1.97161 1.97806 2.62467 2.45634 5.88158 3.32733 2.35291
3.25477 3.38703 2.12136 7.30061 3.46164 2.26477 8.82794 4.95697 1.78599 7.11534
3.27392 19.1723 2.36613 1.74388 1.78906 3.74432 3.58177 2.92893 5.82148 3.49853
6.31411 2.73915 3.61643 5.33606 2.06185 2.14419 3.78836 6.1974 2.40272 2.34935
3.14627 2.0178 1.75914 3.18355 3.29744 2.60714 2.11271 2.08519 10.5913 1.51501
2.67474 2.01442 2.9821 2.75529 2.21927 1.75939 4.18615 2.54621 2.06015 1.98942
5.85931 7.76218 4.41364 1.87896 2.10865 1.72191 2.20665 5.86535 2.01329 3.40372
2.12345 2.58279 2.07973 2.94155 2.08795 2.378 8.6653 3.04337 2.02674 3.14543
2.55334 9.87408 2.56877 2.0337 2.06529 2.37754 3.35514 5.58833 1.97415 2.73172
2.06727 3.23295 2.46869 7.05403 1.62077 3.6797 1.99035 1.70791 6.96222 2.13861
10.131 2.50315 1.64778 3.83415 3.63383 4.83083 4.11301 6.18048 2.65104 1.4336
1.30037 3.07806 1.84395 1.25166 1.17057 1.30855 6.54123 2.51781 1.09468 2.35374
1.02296 2.58339 1.29588 2.26661 1.61568 1.22489 1.02006 1.35566 1.03267 0.860385
1.39364 1.62989 3.70294 1.38827 3.73127 1.35496 1.26777 1.51751 1.02033 1.84065
2.12323 1.48755 6.02179 1.62762 1.86306 1.76771 1.15197 2.02168 3.98701 1.57142
2.00021 1.18121 2.65109 1.82246 2.32737 1.80176 9.03818 3.97895 1.55205 1.57045
1.97091 1.55277 1.43131 3.53895 2.51802 2.15421 1.56189 2.34319 6.06378 2.93575
3.2008 1.41382 3.15671 10.2444 1.7192 1.62083 1.47101 1.33546 0.93117 1.52799
1.34163 5.16471 9.35958 8.06932 1.33199 4.15438 5.05809 1.22897 6.30191 1.65653
1.15883 4.26995 1.4293 5.85132 1.00348 1.05571 1.00721 1.38756 4.51541 6.36233
2.64681 1.17314 1.63864 1.48325 1.51281 1.64154 3.22843 3.3119 1.43258 2.29293
1.57595 3.063 2.77868 5.91465 1.10922 2.73518 1.36344 3.15552 3.64416 2.68921
1.42665 2.88205 2.59764 7.45705 2.24297 17.4419 2.67104 2.5668 2.35939 2.44008
1.30369 2.52117 1.38364 1.6834 6.47068 1.42244 15.9646 3.80478 2.38471 2.11994
4.2106 1.99915 1.21272 1.89703 1.09835 5.78905 5.3215 1.21997 1.34111 2.90922
1.25103 2.63805 1.66861 1.47674 2.20615 3.66142 1.32435 3.80675 2.63256 2.32861
2.03462 2.07706 1.32659 1.13096 6.21989 1.14551 4.56878 1.3486 2.78036 2.17261
1.78129 24.1976 1.45919 1.37922 3.04247 2.28136 1.48284 2.20409 3.05481 1.54681
0.799243 1.03538 0.903669 2.65741 1.39187 1.59232 2.68641 1.99041 1.7243 4.15535
2.44109 1.19314 7.65277 1.72526 1.55443 3.21471 1.62389 3.82482 1.74247 1.79489
1.69522 2.43035 6.37047 1.59199 1.16978 5.25048 1.49195 0.950717 3.19587 3.80166
5.77559 1.5273 2.92423 1.2508 1.79097 3.43527 6.34956 3.74522 1.02544 1.88129
2.6982 2.34195 1.91635 1.30613 5.46649 16.5799 3.96455 1.09316 1.56317 2.75884
1.42148 2.20738 3.35248 5.7395 2.10368 1.3087 1.80081 2.2686 1.73467 1.23192
1.63172 1.41409 1.88032 2.08215 1.98103 1.14135 1.54365 2.10229 2.00971 7.11001
1.30022 1.30499 1.50497 1.85067 1.55489 1.5744 3.04969 2.11402 2.18383 4.1338
1.83879 1.4304 12.1903 3.58769 1.96246 1.40097 8.1916 14.2298 1.56741 1.72738
1.27342 1.51338 2.26426 2.29107 1.55563 1.3928 1.63029 1.03055 2.24886 3.03703
2.36488 1.32043 1.91575 1.12182 3.27328 1.58131 2.94744 5.03677 6.35383 3.18898
2.37798 2.35635 1.45143 2.19479 1.51378 1.5281 1.21161 1.50669 1.07812 1.37178
0.947474 2.21803 2.53106 1.7473 1.68629 3.39686 1.14165 3.53609 2.2895 1.32605
1.31063 2.63998 7.46811 2.07708 6.81143 1.86561 2.00368 5.49791 2.17553 1.30261
2.0897 2.62812 1.24358 1.43633 6.12537 5.13722 1.35072 1.30346 6.87413 4.55718
1.68336 1.30692 1.19252 1.46142 1.75749 2.50339 3.8755 1.72587 1.58408 2.08658
1.17354 2.35376 0.952937 2.08913 1.30167 2.06325 8.64341 1.82824 1.35274 2.4245
1.71801 4.07736 2.6877 1.5434 1.64939 1.52013 1.72121 1.71566 1.50416 2.52147
3.41829 1.82613 1.16083 4.48708 1.57965 1.31628 1.2657 3.74758 5.01953 1.20257
1.27474 9.54768 3.8763 4.39232 2.09618 1.77104 1.59138 1.55605 1.31267 2.64071
2.56053 1.81352 3.69654 2.00942 3.15022 1.72008 1.20788 4.47483 1.01264 2.50012
1.88057 6.23714 1.32293 2.75859 1.54894 1.59973 2.6204 2.27999 2.91483 5.16512
0.98508 1.38647 1.54647 1.87148 1.97921 2.3075 2.70598 1.34095 1.34926 2.25868
5.27305 2.22873 1.17871 3.96799 1.9158 1.79703 1.99917 1.0762 1.43404 1.33509
1.0079 1.58076 2.92754 1.3222 3.37694 2.29719 4.69404 2.32175 2.5002 3.44598
1.1862 2.287 0.904061 1.2516 0.965162 1.22733 2.00652 1.58727 1.58674 3.00849
1.38935 1.5097 2.35876 2.25747 4.61689 2.09831 1.36135 3.89918 0.881713 1.04923
2.54173 3.5983 3.81957 1.43037 1.8584 0.95493 5.09527 1.33013 11.1246 0.959913
2.40083 2.63406 3.38303 3.44943 3.52058 6.90309 2.47321 9.63075 1.24263 2.32388
3.42923 1.42027 2.21073 2.44076 4.75163 3.33276 0.939822 2.79174 3.747 1.36371
3.67574 1.29092 1.87747 1.35429 1.63231 0.984079 0.865256 2.52528 3.09614 1.92093
1.58421 2.29892 2.18478 2.19397 2.13904 3.76029 1.50041 2.68777 1.13558 3.47881
>noiseOffset:
>observedSynthesisNoise:
>mutation_prior_sd:
0.35
>std_NoiseOffset:
>std_csp:
0.0512 0.0512 0.0512 0.0512 0.0512 0.0512 0.0512 0.0512 0.0512 0.0512
0.0512 0.0512 0.0512 0.0512 0.0512 0.0512 0.0512 0.0512 0.0512 0.0512
0.0512 0.0512 0.0512 0.0512 0.0512 0.0512 0.0512 0.0512 0.0512 0.0512
0.0512 0.0512 0.0512 0.0512 0.0512 0.0512 0.0512 0.0512 0.0512 0.0512
>currentMutationParameter:
***
-0.0853125 2.74203 -0.514687 1.66349 -0.0987546 0.69458 -2.23015 -1.03014 -1.61418 1.26818
-0.460137 0.131159 1.47135 0.264503 1.28461 2.58152 0.877758 0.319518 2.29839 1.21173
-0.713417 1.32043 2.55962 0.911448 2.02579 1.12332 -1.53007 -1.1917 -0.024059 -0.736445
-0.897981 -1.19239 -1.3219 0.171527 -0.271357 -1.26515 0.295657 0.162215 0.906017 0.0719816
***
0.630132 -1.03873 -1.58042 2.74686 -0.573164 -1.68279 0.861491 -0.15545 -1.23143 -0.446535
0.503775 1.52814 -1.79242 -0.731962 -0.0793325 0.526483 -0.19636 0.490975 0.516973 -1.82674
-0.775942 0.204959 0.36987 1.40403 -0.64718 0.836282 -1.13726 -0.341019 -0.936363 -0.306619
-1.21572 -2.06909 -0.0314392 0.535381 0.823939 -0.194351 -2.33557 1.36243 1.78878 1.56594
>currentSelectionParameter:
***
-0.395862 -0.530703 -0.22843 -1.00629 -0.929401 0.173329 0.821495 -0.525683 -0.0798523 -0.225976
0.791479 0.655372 0.248664 0.533283 -0.0940264 -0.416931 0.200611 -0.979731 -0.974284 0.0597698
-0.56456 0.221126 -0.908987 0.447677 -0.706127 -0.685624 0.614024 0.945125 -0.592758 1.00906
0.0866008 0.465445 0.305089 1.10517 -0.327421 0.81725 0.84842 0.239707 -0.808258 0.343409
>covarianceMatrix:
A
0.000149131	0	0	0	0	0	0	0	0	
0	0.000149131	0	0	0	0	0	0	0	
0	0	0.000149131	0	0	0	0	0	0	
0	0	0	0.000149131	0	0	0	0	0	
0	0	0	0	0.000149131	0	0	0	0	
0	0	0	0	0	0.000149131	0	0	0	
0	0	0	0	0	0	0.000149131	0	0	
0	0	0	0	0	0	0	0.000149131	0	
0	0	0	0	0	0	0	0	0.000149131	
***
>covarianceMatrix:
C
0.00170667	0	0	
0	0.00170667	0	
0	0	0.00170667	
***
>covarianceMatrix:
D
0.0105777	0.0059204	0.00242141	
0.0059204	0.00630494	0.00201793	
0.00242141	0.00201793	0.00318104	
***
>covarianceMatrix:
E
0.00170667	0	0	
0	0.00170667	0	
0	0	0.00170667	
***
>covarianceMatrix:
F
0.00170667	0	0	
0	0.00170667	0	
0	0	0.00170667	
***
>covarianceMatrix:
G
0.000149131	0	0	0	0	0	0	0	0	
0	0.000149131	0	0	0	0	0	0	0	
0	0	0.000149131	0	0	0	0	0	0	
0	0	0	0.000149131	0	0	0	0	0	
0	0	0	0	0.000149131	0	0	0	0	
0	0	0	0	0	0.000149131	0	0	0	
0	0	0	0	0	0	0.000149131	0	0	
0	0	0	0	0	0	0	0.000149131	0	
0	0	0	0	0	0	0	0	0.000149131	
***
>covarianceMatrix:
H
0.00170667	0	0	
0	0.00170667	0	
0	0	0.00170667	
***
>covarianceMatrix:
I
0.000436907	0	0	0	0	0	
0	0.000436907	0	0	0	0	
0	0	0.000436907	0	0	0	
0	0	0	0.000436907	0	0	
0	0	0	0	0.000436907	0	
0	0	0	0	0	0.000436907	
***
>covarianceMatrix:
K
0.00170667	0	0	
0	0.00170667	0	
0	0	0.00170667	
***
>covarianceMatrix:
L
0.000183613	6.86099e-05	1.64896e-05	0.000106621	9.90911e-05	5.44396e-05	9.06867e-05	9.78078e-05	0.000131173	0.000136152	-6.837e-05	-6.98943e-06	-7.30938e-05	7.92994e-05	8.70246e-05	
6.86099e-05	0.000694115	-0.000121915	0.000500288	0.000566007	8.32717e-05	0.000315179	0.000114004	0.00060572	0.000726683	9.70793e-05	0.00020502	-0.000136512	0.000631985	0.000610832	
1.64896e-05	-0.000121915	0.000543731	-0.00025785	-0.000357394	5.52113e-06	-7.2358e-05	0.000206224	-0.000256732	-0.000371676	-7.3921e-05	-0.000198519	-0.00015105	-0.000278002	-0.000243175	
0.000106621	0.000500288	-0.00025785	0.000752215	0.000827626	0.000157539	0.000311435	-2.9072e-05	0.000769854	0.000896325	4.77778e-05	0.000317949	-0.000102331	0.000750369	0.000729495	
9.90911e-05	0.000566007	-0.000357394	0.000827626	0.00109573	0.000198316	0.000355719	-7.90781e-05	0.000908288	0.00107364	5.05513e-05	0.000395816	-8.36001e-05	0.000909808	0.000871898	
5.44396e-05	8.32717e-05	5.52113e-06	0.000157539	0.000198316	0.000156357	7.63348e-05	1.54626e-05	0.000186541	0.000209178	-4.57926e-05	6.30415e-05	-6.01406e-05	0.000184461	0.000186315	
9.06867e-05	0.000315179	-7.2358e-05	0.000311435	0.000355719	7.63348e-05	0.000290835	9.38752e-05	0.000378759	0.000438336	2.59272e-06	8.83142e-05	-7.92247e-05	0.000371161	0.000365876	
9.78078e-05	0.000114004	0.000206224	-2.9072e-05	-7.90781e-05	1.54626e-05	9.38752e-05	0.000325259	2.53698e-05	8.07885e-06	-5.13148e-05	-0.000115551	-0.000173326	-1.75349e-05	-4.5871e-06	
0.000131173	0.00060572	-0.000256732	0.000769854	0.000908288	0.000186541	0.000378759	2.53698e-05	0.000958975	0.0010453	4.55883e-05	0.000346308	-0.000123872	0.000870575	0.000849787	
0.000136152	0.000726683	-0.000371676	0.000896325	0.00107364	0.000209178	0.000438336	8.07885e-06	0.0010453	0.00129968	7.6084e-05	0.000422339	-0.000125177	0.00103964	0.000999956	
-6.837e-05	9.70793e-05	-7.3921e-05	4.77778e-05	5.05513e-05	-4.57926e-05	2.59272e-06	-5.13148e-05	4.55883e-05	7.6084e-05	0.000170326	5.4092e-05	4.74344e-05	7.3098e-05	6.12533e-05	
-6.98943e-06	0.00020502	-0.000198519	0.000317949	0.000395816	6.30415e-05	8.83142e-05	-0.000115551	0.000346308	0.000422339	5.4092e-05	0.000272696	1.9563e-05	0.000374286	0.000354208	
-7.30938e-05	-0.000136512	-0.00015105	-0.000102331	-8.36001e-05	-6.01406e-05	-7.92247e-05	-0.000173326	-0.000123872	-0.000125177	4.74344e-05	1.9563e-05	0.000265125	-0.000117886	-0.000124603	
7.92994e-05	0.000631985	-0.000278002	0.000750369	0.000909808	0.000184461	0.000371161	-1.75349e-05	0.000870575	0.00103964	7.3098e-05	0.000374286	-0.000117886	0.000978945	0.000900736	
8.70246e-05	0.000610832	-0.000243175	0.000729495	0.000871898	0.000186315	0.000365876	-4.5871e-06	0.000849787	0.000999956	6.12533e-05	0.000354208	-0.000124603	0.000900736	0.000917116	
***
>covarianceMatrix:
N
0.00170667	0	0	
0	0.00170667	0	
0	0	0.00170667	
***
>covarianceMatrix:
P
0.000149131	0	0	0	0	0	0	0	0	
0	0.000149131	0	0	0	0	0	0	0	
0	0	0.000149131	0	0	0	0	0	0	
0	0	0	0.000149131	0	0	0	0	0	
0	0	0	0	0.000149131	0	0	0	0	
0	0	0	0	0	0.000149131	0	0	0	
0	0	0	0	0	0	0.000149131	0	0	
0	0	0	0	0	0	0	0.000149131	0	
0	0	0	0	0	0	0	0	0.000149131	
***
>covarianceMatrix:
Q
0.00388723	0.00173722	0.000466526	
0.00173722	0.002909	0.000363457	
0.000466526	0.000363457	0.00161888	
***
>covarianceMatrix:
R
0.000289397	0.000126488	-0.000145404	-0.000452335	0.0001796	0.000287981	0.000341278	-0.000203802	-0.00031073	0.000315411	0.000544843	0.000528246	-0.000464487	-0.000462904	0.000446741	
0.000126488	0.000203968	-8.38628e-05	-0.000221537	9.95231e-05	0.000125687	0.000218293	-0.000146331	-0.000126885	0.000169169	0.000242732	0.000214596	-0.000240759	-0.000240346	0.000187508	
-0.000145404	-8.38628e-05	0.000261368	0.000418882	-0.000152675	-0.000270767	-0.000243519	0.000119095	0.000181718	-0.000277839	-0.000473854	-0.000461739	0.000386831	0.000400039	-0.000385524	
-0.000452335	-0.000221537	0.000418882	0.00125073	-0.000441429	-0.00070889	-0.000715301	0.000368783	0.000665656	-0.000762314	-0.00136349	-0.00133012	0.00115086	0.00115223	-0.00110617	
0.0001796	9.95231e-05	-0.000152675	-0.000441429	0.000265624	0.000247182	0.000265021	-0.000102899	-0.000260623	0.000295416	0.000511511	0.000499477	-0.000438975	-0.000482313	0.00040121	
0.000287981	0.000125687	-0.000270767	-0.00070889	0.000247182	0.000544842	0.000455587	-0.000277683	-0.00041717	0.000482382	0.000859495	0.000843327	-0.000688637	-0.000698897	0.00071364	
0.000341278	0.000218293	-0.000243519	-0.000715301	0.000265021	0.000455587	0.000643734	-0.000331545	-0.000480534	0.000503101	0.000890062	0.000850411	-0.000778262	-0.000717161	0.000731992	
-0.000203802	-0.000146331	0.000119095	0.000368783	-0.000102899	-0.000277683	-0.000331545	0.000377896	0.00023649	-0.000293405	-0.000414609	-0.000384839	0.000358174	0.000340689	-0.000340797	
-0.00031073	-0.000126885	0.000181718	0.000665656	-0.000260623	-0.00041717	-0.000480534	0.00023649	0.00059969	-0.000420669	-0.000900034	-0.000882085	0.000739248	0.00068677	-0.000752803	
0.000315411	0.000169169	-0.000277839	-0.000762314	0.000295416	0.000482382	0.000503101	-0.000293405	-0.000420669	0.000605353	0.000867145	0.000836188	-0.000744137	-0.000749357	0.000693532	
0.000544843	0.000242732	-0.000473854	-0.00136349	0.000511511	0.000859495	0.000890062	-0.000414609	-0.000900034	0.000867145	0.00182012	0.00174032	-0.00141649	-0.00138363	0.00147646	
0.000528246	0.000214596	-0.000461739	-0.00133012	0.000499477	0.000843327	0.000850411	-0.000384839	-0.000882085	0.000836188	0.00174032	0.00176115	-0.00137626	-0.00135354	0.00145119	
-0.000464487	-0.000240759	0.000386831	0.00115086	-0.000438975	-0.000688637	-0.000778262	0.000358174	0.000739248	-0.000744137	-0.00141649	-0.00137626	0.00126916	0.00114946	-0.00116351	
-0.000462904	-0.000240346	0.000400039	0.00115223	-0.000482313	-0.000698897	-0.000717161	0.000340689	0.00068677	-0.000749357	-0.00138363	-0.00135354	0.00114946	0.00128292	-0.00112136	
0.000446741	0.000187508	-0.000385524	-0.00110617	0.00040121	0.00071364	0.000731992	-0.000340797	-0.000752803	0.000693532	0.00147646	0.00145119	-0.00116351	-0.00112136	0.00128552	
***
>covarianceMatrix:
S
0.000149131	0	0	0	0	0	0	0	0	
0	0.000149131	0	0	0	0	0	0	0	
0	0	0.000149131	0	0	0	0	0	0	
0	0	0	0.000149131	0	0	0	0	0	
0	0	0	0	0.000149131	0	0	0	0	
0	0	0	0	0	0.000149131	0	0	0	
0	0	0	0	0	0	0.000149131	0	0	
0	0	0	0	0	0	0	0.000149131	0	
0	0	0	0	0	0	0	0	0.000149131	
***
>covarianceMatrix:
T
0.000149131	0	0	0	0	0	0	0	0	
0	0.000149131	0	0	0	0	0	0	0	
0	0	0.000149131	0	0	0	0	0	0	
0	0	0	0.000149131	0	0	0	0	0	
0	0	0	0	0.000149131	0	0	0	0	
0	0	0	0	0	0.000149131	0	0	0	
0	0	0	0	0	0	0.000149131	0	0	
0	0	0	0	0	0	0	0.000149131	0	
0	0	0	0	0	0	0	0	0.000149131	
***
>covarianceMatrix:
V
0.000149131	0	0	0	0	0	0	0	0	
0	0.000149131	0	0	0	0	0	0	0	
0	0	0.000149131	0	0	0	0	0	0	
0	0	0	0.000149131	0	0	0	0	0	
0	0	0	0	0.000149131	0	0	0	0	
0	0	0	0	0	0.000149131	0	0	0	
0	0	0	0	0	0	0.000149131	0	0	
0	0	0	0	0	0	0	0.000149131	0	
0	0	0	0	0	0	0	0	0.000149131	
***
>covarianceMatrix:
Y
0.00170667	0	0	
0	0.00170667	0	
0	0	0.00170667	
***
>covarianceMatrix:
Z
0.00170667	0	0	
0	0.00170667	0	
0	0	0.00170667	
***
